# x y yerr
0.000000000000000000e+00 0.000000000000000000e+00 1.500000000000000000e+00
2.529411764705882248e-01 1.064868081660713450e+00 1.626470588235294112e+00
5.058823529411764497e-01 2.347013321717640100e+00 1.752941176470588225e+00
7.588235294117646745e-01 4.128536330029522361e+00 1.879411764705882337e+00
1.011764705882352899e+00 4.622425135160435516e+00 2.005882352941176450e+00
1.264705882352941124e+00 6.866990466890024791e+00 2.132352941176470562e+00
1.517647058823529349e+00 9.970412355733900611e+00 2.258823529411764675e+00
1.770588235294117574e+00 8.985005864491151684e+00 2.385294117647058787e+00
2.023529411764705799e+00 1.394359281015140795e+01 2.511764705882352899e+00
2.276470588235294024e+00 1.496733866294292170e+01 2.638235294117647012e+00
2.529411764705882248e+00 1.841387457071733991e+01 2.764705882352941124e+00
2.782352941176470473e+00 1.770981338680333295e+01 2.891176470588235237e+00
3.035294117647058698e+00 2.966163805039128576e+01 3.017647058823529349e+00
3.288235294117646923e+00 1.512386689408389628e+01 3.144117647058823461e+00
3.541176470588235148e+00 2.794971244064576155e+01 3.270588235294117574e+00
3.794117647058823373e+00 4.333646297955347393e+01 3.397058823529411686e+00
4.047058823529411598e+00 2.384565522863057652e+01 3.523529411764705799e+00
4.299999999999999822e+00 5.178210236102425768e+01 3.649999999999999911e+00
